B = 43.352491
L = 42.437859

X = 4805159.570
Y = 8292381.655
